3.758511355250639
2.242001170240316
2.6666504258167683
0.21096388797596388
3.2278281678030196
2.100546261682573
3.1571860995406573
1.2888869597461619
2.8337266621869883
0.29112627756040976
3.3966563643345973
3.626706392458234
3.0768423806666436
3.6994749035036447
0.4057897182654707
3.1990767862294125
3.437956679629768
1.4982866613027799
0.5568850151114347
0.1415350911879707
1.650344390982831
1.8587432130282182
0.12399680440201166
1.116403220152852
0.2351884465010352
3.496605087821062
1.5136625028513968
1.4222106843991864
3.3585825334641437
2.2044063916307306
3.236671699462517
2.1703159115875703
1.0701405885987256
0.9257092371793565
1.8509443480200067
2.5955491920430123
0.24906754205669146
0.5280468000723991
0.8713243092165706
0.2889358130982078
0.09459987917757917
2.785342124498309
0.4828369941660725
2.0774830462106113
1.3890386846379426
2.670671608425927
0.34910103915568935
2.121358042044264
2.311750186398136
0.17987688807215918
1.9552469105847199
2.1664315294518532
2.1919249844481055
2.086608992607055
1.526191770151668
0.291126347813797
2.6185112775280706
0.5715598257471526
2.1106567912727394
2.549228039453509
2.4379065427320548
3.4249657599119585
3.758845919908687
2.167248039092629
1.4274902940039906
0.6481930052119849
1.6248919418147967
0.9629766616998334
1.2405500387314021
0.5561826200718836
1.0408406281163451
3.786734332082416
3.256743275336497
3.4503876185805824
1.8146412044781233
1.2386303434677468
2.814108360089185
3.0009474715643427
1.1883201038232623
0.6572162865516362
1.3507692783398961
3.1133010698772745
1.3108334414561602
1.760206494413945
3.1560311674326345
0.9972775031880615
0.7229323011095329
0.32065548229479823
2.7056935829283293
3.592497049442045
1.2352076471913538
0.6088748877763714
2.0265040309052997
2.3248580129484213
0.6310033760611223
0.7581607984268365
2.5115662331409827
0.18903825711661948
3.845482847697588
3.0207864189792692
